220.816
137.291
122.632
126.373
108.86
84.385
95.769
83.662
176.203
166.646
186.62
190.968
127.22
97.7759
92.1016
86.344
90.0047
65.0726
55.3692
49.6502
155.882
181.388
176.501
184.865
116.514
84.4767
92.3968
96.2423
74.7866
75.3928
-24.833
33.3248
153.958
180.155
197.86
202.402
108.349
90.3555
99.1088
103.591
63.6659
59.2768
34.933
180.195
205.78
210.768
209.731
105.887
86.7937
88.7935
97.9508
78.0331
193.343
216.37
202.839
206.508
117.626
86.1601
86.0445
77.3298
34.6289
239.28
194.818
199.376
197.375
141.832
102.592
93.9517
52.7788
