466.986 515.845 262.16 44.4765
446.836 499.004 205.464 44.6575
399.853 524.029 181.242 45.0
333.552 544.057 161.765 45.0
423.945 480.16 163.554 44.8878
378.217 497.545 140.394 45.0
319.224 511.919 120.556 45.0
249.19 519.815 109.59 45.0
501.682 455.87 244.89 38.9268
450.795 487.408 219.36 43.7007
351.339 487.873 218.966 45.0
267.221 487.526 222.221 45.0
474.877 439.015 185.548 39.2534
422.707 464.708 154.989 43.9818
348.19 482.946 127.03 45.0
257.941 488.923 117.912 45.0
446.581 420.976 143.989 39.6077
393.286 442.738 115.168 44.4235
328.866 454.862 90.5733 45.0
250.612 460.176 79.5146 45.0
532.729 379.855 228.797 32.2236
451.332 387.873 218.967 36.9241
351.34 387.878 218.963 43.3573
263.686 387.759 222.611 45.0
498.152 365.01 168.3 32.7591
442.198 382.905 132.201 37.0673
351.335 387.868 118.984 43.3577
265.299 388.233 119.512 45.0
462.013 348.432 119.549 33.3003
402.284 328.534 96.2648 35.0304
308.53 339.227 9.16701 43.0403
251.954 381.355 60.4506 45.0
550.506 287.697 219.429 24.4533
451.337 287.876 218.963 28.6862
351.342 287.869 218.961 34.5103
280.883 306.53 232.778 41.9061
513.189 279.488 156.328 25.2068
450.88 287.757 119.761 28.6977
351.339 287.868 118.969 34.5135
285.214 309.293 120.136 41.7847
469.817 264.748 98.9137 25.7068
416.382 250.634 85.1949 26.7341
341.633 282.763 62.4284 34.6949
550.558 187.886 219.437 15.9157
451.336 187.876 218.964 18.9249
351.344 187.878 218.962 23.3119
268.048 187.469 220.687 28.6
518.557 187.568 151.821 16.7526
451.128 187.883 119.344 18.9349
351.342 187.873 118.967 23.3234
324.655 193.315 121.393 25.4806
481.338 184.036 110.947 17.5336
550.558 88.1338 219.445 6.59892
451.335 87.8795 218.965 7.89311
351.341 87.8801 218.961 9.88881
264.38 87.126 222.441 12.4106
513.491 100.095 156.097 8.26874
450.874 88.065 119.73 7.92389
351.338 87.8794 118.971 9.92425
477.882 109.213 114.463 9.82181
421.031 98.9666 81.7383 9.78484
525.768 12.7705 233.952 -0.70882
452.597 0.026483 218.421 -2.35543
352.679 4.27704 216.11 -2.37773
261.714 4.77006 218.223 -3.02732
495.976 32.9786 168.894 1.42799
439.9 11.891 134.98 -0.980696
464.536 49.0706 124.789 3.34319
408.456 28.1549 93.1376 1.06662
