301.104
315.687
292.509
259.907
316.889
290.87
236.622
233.062
385.192
337.074
292.316
241.592
357.771
334.541
275.803
241.683
369.183
342.445
273.061
238.104
447.008
399.029
347.916
290.058
410.166
382.25
343.115
283.367
418.8
398.974
317.348
272.152
501.453
458.777
321.74
307.536
471.634
415.178
361.409
320.682
426.111
398.39
350.673
527.861
451.995
372.038
331.087
489.408
441.019
404.693
391.076
454.029
534.554
405.515
405.948
366.984
493.248
442.144
424.452
463.992
456.173
546.624
525.318
415.559
362.637
528.135
479.676
476.831
460.072
