623.554
567.348
603.703
604.929
543.878
566.365
550.749
536.449
569.406
553.75
514.422
496.464
508.41
532.68
533.875
511.578
488.893
486.768
495.421
478.566
486.302
436.219
410.025
385.732
429.768
440.891
404.166
376.191
389.773
355.749
374.317
398.356
369.184
309.077
286.277
304.223
344.07
333.197
287.896
302.931
327.665
278.175
311.328
292.819
271.517
230.445
211.786
247.93
227.543
193.942
189.672
223.837
184.163
132.62
94.5711
46.1457
162.14
128.721
95.8374
155.255
116.001
94.4506
59.1516
-2.95152
-67.9155
97.4766
37.3388
97.106
44.0728
