17.8174
0.232192
0.257165
0.279071
32.0899
20.1618
9.81205
0.535052
0.317678
0.257209
37.9306
27.9592
17.0088
8.86607
0.50222
0.441688
40.0
36.0173
29.4776
16.9182
8.76062
0.477684
25.1744
7.40526
0.21906
0.11876
0.404444
0.292928
29.1282
18.2308
9.43954
0.369351
0.238811
0.208231
35.8347
24.8377
14.6589
7.01615
0.4054
0.328237
38.6866
33.8468
25.0145
15.3581
6.84807
21.8711
4.55641
0.109134
1.10555
0.0
4.83606
29.1127
18.6939
9.24136
0.21916
0.218094
0.171383
34.4396
25.0871
15.5697
7.81361
0.340468
38.0173
32.6223
25.0336
14.4334
7.68557
22.0837
4.65777
0.11112
30.1011
19.6716
10.4635
0.227965
0.2798
34.6261
27.3508
17.4005
9.52868
0.353649
38.5462
33.7865
26.7542
18.1793
6.47964
24.6118
3.758
0.754443
0.0
0.0
22.3788
3.26814
0.0
29.8542
22.3421
0.0
39.4381
36.2934
30.6429
40.0
0.0
28.7784
0.0
0.0
27.7236
35.5584
26.0485
0.0
0.0
32.627
0.0
40.0
40.0
39.3637
33.4849
40.0
40.0
36.1496
32.1967
40.0
18.3173
0.0
40.0
27.7587
18.4485
40.0
40.0
40.0
40.0
40.0
38.6558
40.0
39.051
0.0
33.9079
25.0747
19.7151
40.0
40.0
40.0
40.0
19.6719
3.63604
40.0
40.0
30.4942
25.7441
40.0
40.0
40.0
40.0
