-13.7887
-0.171689
9.1808
13.778
-21.0278
-15.7276
-10.1578
-4.34147
5.93081
17.3456
-21.0668
-16.4652
-11.6086
-4.5754
3.84404
18.3124
-25.0706
-16.8629
-12.3318
-8.33585
-1.93305
15.8594
-18.8133
-19.6325
-9.07411
9.00119
5.64553
4.66876
-19.9298
-15.2712
-10.1176
-5.07061
6.13407
22.7918
-20.696
-16.9249
-12.5119
-6.49275
2.17408
25.4841
-23.4217
-17.9235
-14.0594
-9.37743
-2.66943
-19.2592
-23.3441
-4.45579
16.1245
23.7317
6.88254
-20.2834
-15.7989
-12.2438
-8.62785
2.53049
27.2814
-21.6687
-18.3529
-14.7673
-9.69153
-0.882286
-24.2083
-19.863
-16.451
-12.8816
-5.53195
-21.1425
-25.7298
-8.74616
-21.3515
-18.1833
-16.6497
-14.1954
-16.2487
-23.2156
-20.1747
-18.6849
-15.336
-12.4089
-25.6226
-21.8822
-19.9564
-16.9507
-17.6511
-22.9139
-25.0043
-19.1448
-16.587
-19.9701
-21.9826
-25.0844
-30.0
-23.432
-23.5472
-30.0
-27.8306
-25.1098
-25.7739
-30.0
-29.3612
-26.8931
-30.0
-30.0
-30.0
-25.6625
-27.6552
-30.0
-30.0
-27.5102
-30.0
-30.0
-30.0
-28.2735
-30.0
-30.0
-30.0
-30.0
-30.0
-30.0
-30.0
-30.0
-30.0
-30.0
-30.0
-30.0
-30.0
-30.0
-30.0
-30.0
-30.0
-30.0
-30.0
-30.0
-30.0
-30.0
-30.0
-30.0
-30.0
-30.0
-30.0
-30.0
-30.0
-30.0
-30.0
-30.0
-30.0
-30.0
-30.0
-30.0
-30.0
