629.75 337.318 364.107 25.4089
429.75 337.318 364.107 34.1453
329.75 337.318 364.107 40.7749
229.75 337.318 364.107 45.0
729.75 337.318 264.106 22.4503
629.75 337.318 264.105 25.4077
529.751 337.317 264.105 29.1918
429.75 337.318 264.107 34.1421
329.75 337.318 264.107 40.7684
229.75 337.318 264.106 45.0
729.75 337.318 164.107 22.4512
629.75 337.318 164.107 25.4079
529.75 337.318 164.107 29.1915
429.75 337.318 164.106 34.1394
329.75 337.318 164.107 40.7704
229.75 337.319 164.107 45.0
734.553 329.293 75.9311 21.781
629.75 337.318 64.107 25.4093
529.75 337.318 64.107 29.1904
429.75 337.319 64.107 34.1384
329.751 337.32 64.1063 40.7583
229.749 337.321 64.1182 45.0
729.75 237.318 364.107 15.8015
629.75 237.318 364.107 18.0221
529.75 237.318 364.107 20.9328
429.75 237.318 364.107 24.9216
329.75 237.318 364.107 30.5693
229.75 237.318 364.107 39.0378
729.75 237.318 264.107 15.801
629.75 237.318 264.107 18.0197
529.75 237.318 264.107 20.933
429.75 237.318 264.106 24.9067
329.749 237.319 264.106 30.5636
229.75 237.318 264.106 39.031
729.75 237.318 164.107 15.8015
629.75 237.318 164.107 18.0225
529.75 237.318 164.107 20.9378
429.752 237.316 164.104 24.9079
329.75 237.319 164.106 30.5596
229.75 237.318 164.106 38.9991
729.75 237.318 64.1068 15.8008
629.75 237.318 64.1068 18.0199
529.75 237.318 64.1067 20.9367
429.75 237.318 64.1066 24.9059
329.75 237.318 64.1067 30.5313
729.75 137.318 364.107 8.68643
629.75 137.318 364.107 9.96221
529.75 137.318 364.107 11.6661
429.75 137.318 364.107 14.0794
329.748 137.338 364.097 17.6884
225.581 161.942 349.034 28.3461
729.75 137.318 264.107 8.68615
629.75 137.318 264.107 9.96457
529.75 137.318 264.106 11.6717
429.75 137.318 264.106 14.0752
329.75 137.319 264.106 17.6813
229.75 137.318 264.107 23.6092
729.75 137.319 164.107 8.68646
629.75 137.318 164.106 9.96307
529.75 137.318 164.106 11.6704
429.75 137.318 164.105 14.0728
329.75 137.318 164.106 17.6683
729.75 137.318 64.1068 8.68487
629.75 137.318 64.1067 9.96055
529.75 137.318 64.1066 11.6701
429.75 137.318 64.1063 14.0611
329.75 137.318 64.1067 17.6348
729.75 37.3183 364.107 1.29198
629.75 37.3182 364.107 1.48433
529.75 37.318 364.107 1.74832
729.75 37.3183 264.107 1.29195
629.75 37.3184 264.107 1.48569
529.75 37.3181 264.107 1.74531
429.75 37.3182 264.107 2.118
329.75 37.318 264.107 2.68927
729.75 37.3188 164.108 1.29202
629.75 37.3183 164.107 1.48282
529.75 37.3179 164.107 1.74785
429.75 37.3178 164.106 2.11896
329.75 37.318 164.107 2.65441
729.75 37.318 64.1068 1.29212
629.75 37.3181 64.1072 1.48557
529.75 37.3177 64.1066 1.74634
429.75 37.3178 64.1063 2.11038
329.75 37.3181 64.1068 2.60956
729.75 -62.6817 364.107 -6.14557
629.75 -62.683 364.106 -7.05696
529.75 -62.682 364.107 -8.27906
451.269 -27.6761 330.538 -5.63398
362.489 7.27471 313.357 -2.17157
629.75 -62.6818 264.107 -7.05853
529.75 -62.6823 264.107 -8.28465
433.066 -56.9211 261.705 -9.29615
629.75 -62.6817 164.107 -7.05793
529.75 -62.682 164.107 -8.28092
432.613 -57.7631 162.357 -9.40427
729.75 -62.682 64.1068 -6.14626
629.75 -62.6818 64.1076 -7.05558
529.75 -62.682 64.1068 -8.28219
432.36 -55.5017 62.9418 -9.15395
354.853 -24.4297 77.128 -7.22428
729.75 -162.682 364.107 -13.3818
545.978 -134.797 351.526 -14.7727
481.727 -71.7986 314.305 -9.98881
374.864 1.01419 285.973 -2.53913
729.75 -162.682 264.107 -13.3813
629.75 -162.682 264.107 -15.2937
473.059 -89.7226 218.089 -12.193
386.409 -77.482 211.685 -13.8754
629.75 -162.682 164.107 -15.2939
470.972 -84.9213 136.606 -11.5413
312.589 -156.437 130.116 -29.9227
734.762 -149.46 98.062 -12.2879
629.75 -162.682 64.1068 -15.2942
544.523 -117.838 55.5058 -13.0601
461.424 -76.4979 55.014 -11.0397
323.367 -162.705 53.4754 -30.5447
751.257 -188.621 338.383 -14.5005
396.589 -13.6149 272.717 -4.3078
734.527 -247.904 260.366 -19.0532
646.73 -225.652 257.098 -19.5641
437.651 -85.6327 144.327 -12.7394
735.554 -240.611 169.071 -18.506
651.55 -208.08 154.054 -18.0087
577.072 -137.116 131.022 -13.8696
486.526 -83.2095 134.981 -11.0054
360.98 -175.133 125.525 -28.5476
228.724 -190.141 89.6 -43.965
737.828 -229.769 161.154 -17.6863
655.273 -196.434 72.2864 -16.9514
571.965 -120.056 38.6198 -12.4062
490.062 -77.5995 40.6241 -10.241
776.303 -169.823 296.655 -12.7591
475.229 -91.214 139.733 -12.1085
683.408 -222.717 141.15 -18.1463
604.218 -153.469 116.02 -14.6253
526.522 -99.6479 97.2142 -11.5652
431.208 -108.755 138.983 -16.2151
685.932 -217.103 101.001 -17.6686
600.145 -140.492 39.5315 -13.5838
517.614 -88.3811 34.387 -10.6634
639.308 -197.849 203.221 -17.405
502.561 -98.5759 143.726 -12.101
323.222 -199.892 101.721 -34.8332
774.685 -181.726 196.519 -13.4757
631.246 -172.881 106.05 -15.5807
548.934 -110.266 82.9525 -12.0492
462.491 -86.0519 114.794 -12.1412
631.19 -165.762 53.0375 -14.9899
544.898 -102.742 32.0549 -11.4311
475.128 -78.349 43.6539 -10.8498
