363.065
360.091
365.499
371.008
351.196
255.041
256.119
259.602
272.259
270.65
318.419
237.721
155.887
163.828
171.399
169.963
259.896
218.918
146.677
73.3289
77.0565
87.0152
352.385
358.714
365.487
367.802
373.081
374.651
304.624
253.72
267.453
269.924
260.51
262.761
302.336
210.685
161.689
159.435
168.062
172.586
243.245
186.377
116.178
70.521
81.1667
362.209
368.726
371.193
377.765
384.717
355.644
282.028
263.845
268.429
271.494
267.665
267.585
288.993
199.217
164.381
167.125
182.331
225.842
178.748
113.013
69.6685
72.3963
360.2
373.973
372.574
291.209
266.368
281.066
276.14
282.82
271.808
198.946
163.173
169.866
174.198
226.752
180.338
111.941
61.2504
60.2838
370.365
371.591
385.919
357.726
338.82
281.643
267.791
282.306
209.344
186.158
176.029
239.163
194.063
137.032
141.418
79.7786
408.316
371.574
346.262
289.25
359.889
298.056
251.763
219.919
226.072
153.26
219.631
278.874
196.744
117.224
143.008
152.36
418.396
286.121
393.175
269.861
149.833
304.205
198.879
139.592
227.478
218.756
159.92
293.095
220.05
161.753
133.978
400.359
154.668
220.483
145.506
108.942
238.809
245.799
156.248
137.036
222.979
153.884
182.393
317.222
159.759
126.115
203.795
203.181
145.163
133.16
