560.91
415.863
314.415
270.785
642.57
576.713
512.982
394.412
330.078
245.06
643.563
600.615
528.995
437.741
362.028
268.804
674.691
600.916
548.477
446.941
364.794
274.722
629.312
608.207
514.563
404.408
331.678
257.915
665.098
607.315
522.161
404.78
359.214
274.915
687.967
616.716
528.527
446.471
369.611
306.3
712.087
634.346
545.385
444.562
368.595
663.259
558.564
508.507
426.918
332.233
280.847
653.146
621.18
499.139
439.532
369.76
318.205
697.601
629.27
536.802
446.45
383.45
717.829
639.779
547.066
441.29
393.926
697.603
577.893
543.96
657.249
627.591
534.598
443.197
363.198
664.724
672.244
550.865
447.987
396.676
704.996
646.325
553.338
440.22
392.324
684.845
597.834
535.989
421.832
369.173
607.948
571.503
437.261
689.6
558.342
452.36
745.592
655.413
555.144
451.754
405.683
718.815
527.715
455.623
402.254
681.835
664.276
424.687
437.273
683.439
487.302
296.898
699.054
690.491
581.837
484.403
343.69
723.509
407.625
696.485
649.14
468.267
721.143
709.215
613.508
509.773
345.045
221.114
731.484
710.336
544.733
521.264
718.442
491.536
739.987
648.158
550.952
453.079
735.702
628.001
558.313
656.682
523.487
310.256
724.761
685.055
536.741
484.231
681.677
590.082
504.824
