396.584
347.193
340.558
318.333
392.647
403.444
374.31
338.838
339.857
334.825
390.415
381.728
350.246
347.813
316.479
322.685
400.188
369.572
339.008
328.072
312.934
324.024
355.608
286.358
266.956
257.369
219.148
183.306
326.579
296.532
265.023
233.443
213.706
231.819
289.017
282.403
262.166
234.264
213.321
223.362
289.111
255.437
246.664
221.131
205.192
243.204
193.947
170.446
162.683
137.165
109.286
247.703
207.113
155.49
129.673
95.3563
98.9145
204.242
188.615
172.807
130.948
113.357
208.969
164.34
143.827
117.808
89.1792
165.832
99.457
62.7678
169.206
104.514
53.0556
3.20429
-36.9375
116.629
99.0469
71.8445
40.0381
5.63307
104.61
70.0722
36.5423
7.87374
-47.7151
76.35
21.134
-51.0629
-33.2668
-45.3834
-1.55555
-42.6188
-94.7501
20.7843
-27.6465
-83.6327
-6.54682
-35.3436
-76.7183
-88.9077
-93.2614
3.25935
-88.5846
-70.3727
-37.5189
11.9731
-64.5366
-75.5362
-103.989
-32.2884
-113.739
-238.236
-72.2085
-80.7212
-95.1976
-94.5954
-199.221
21.8466
-15.0507
-33.0465
-146.138
-124.166
-46.2854
-121.002
-121.691
-37.4337
-226.279
-267.568
-40.8278
-83.2401
-64.1369
-69.5347
47.5453
-118.68
-83.5459
-108.577
-107.93
-87.1456
-69.9851
-83.3165
-80.9502
-128.236
-115.432
-238.031
23.9476
-93.7616
-83.7988
-65.6302
-78.5317
-80.4913
-92.4457
